Sample	FastQC_mqc-generalstats-fastqc-percent_duplicates	FastQC_mqc-generalstats-fastqc-percent_gc	FastQC_mqc-generalstats-fastqc-avg_sequence_length	FastQC_mqc-generalstats-fastqc-percent_fails	FastQC_mqc-generalstats-fastqc-total_sequences
PROW_953_R1_TGACAACC-CTGTTGAC_L002_R1_001	19.385977964068246	61.0	131.97193901035598	25.0	7571187.0
PROW_953_R1_TGACAACC-CTGTTGAC_L002_R2_001	19.58196985858234	61.0	132.02706286345853	25.0	7571187.0
PROW_953_R20_TCACTCGA-GTGCCATA_L002_R1_001	13.769579618056213	47.0	138.2902694506948	25.0	7338671.0
PROW_953_R20_TCACTCGA-GTGCCATA_L002_R2_001	13.920173375474064	47.0	138.32339615715162	25.0	7338671.0
PROW_953_R5_CAGTGCTT-TGAGGTGT_L002_R1_001	20.22360963219947	57.0	137.1506673217167	25.0	8717909.0
PROW_953_R5_CAGTGCTT-TGAGGTGT_L002_R2_001	20.23253447853098	57.0	137.18657604707735	25.0	8717909.0
PROW_954_R1_CTGACTAC-ACATTGCG_L002_R1_001	22.003295621520138	63.0	139.23008833784345	25.0	7686400.0
PROW_954_R1_CTGACTAC-ACATTGCG_L002_R2_001	22.035940035271793	63.0	139.2409943536636	25.0	7686400.0
PROW_954_R20_ACAGCAAG-TTGCAGAC_L002_R1_001	14.10442571661497	58.0	134.09123763737622	25.0	5869102.0
PROW_954_R20_ACAGCAAG-TTGCAGAC_L002_R2_001	14.19725247746858	58.0	134.12129214997455	25.0	5869102.0
PROW_954_R5_GTGATCCA-CGTTGAGT_L002_R1_001	18.6791367186338	62.0	136.52844885613527	25.0	6336195.0
PROW_954_R5_GTGATCCA-CGTTGAGT_L002_R2_001	18.775233614609988	62.0	136.55429591418826	25.0	6336195.0
PROW_981_R1_TGCTGTGA-GAATCGTG_L002_R1_001	12.250664215891831	41.0	147.70827602165735	25.0	8037920.0
PROW_981_R1_TGCTGTGA-GAATCGTG_L002_R2_001	12.035866172385639	41.0	147.71081137906324	25.0	8037920.0
PROW_981_R20_CCACATTG-CTGGAGTA_L002_R1_001	11.342648734834697	41.0	143.56579944557512	16.666666666666664	8147903.0
PROW_981_R20_CCACATTG-CTGGAGTA_L002_R2_001	11.37069357024015	41.0	143.58410231442372	16.666666666666664	8147903.0
PROW_981_R5_CAACACAG-AGGCTTCT_L002_R1_001	12.744050102376946	44.0	143.85057418650769	25.0	9088162.0
PROW_981_R5_CAACACAG-AGGCTTCT_L002_R2_001	12.544447364691791	44.0	143.8664156734882	25.0	9088162.0
PROW_984_R1_TAGTGCCA-TCTTGACG_L002_R1_001	17.653256376256195	57.0	135.02919201552572	25.0	7416343.0
PROW_984_R1_TAGTGCCA-TCTTGACG_L002_R2_001	17.826985711698114	57.0	135.0422833733553	25.0	7416343.0
PROW_984_R20_CTACATCC-CTAGGTGA_L002_R1_001	11.68543315107101	41.0	143.8149104888581	16.666666666666664	7293282.0
PROW_984_R20_CTACATCC-CTAGGTGA_L002_R2_001	11.85643829818143	41.0	143.84156172762826	16.666666666666664	7293282.0
PROW_984_R5_TCGTGCAT-TGGTACAG_L002_R1_001	12.51924570861351	41.0	146.66408344090874	16.666666666666664	7533475.0
PROW_984_R5_TCGTGCAT-TGGTACAG_L002_R2_001	12.593481121060663	41.0	146.67528597360447	16.666666666666664	7533475.0
