Sample	FastQC_mqc-generalstats-fastqc-percent_duplicates	FastQC_mqc-generalstats-fastqc-percent_gc	FastQC_mqc-generalstats-fastqc-avg_sequence_length	FastQC_mqc-generalstats-fastqc-percent_fails	FastQC_mqc-generalstats-fastqc-total_sequences
PROW_953_R1_TGACAACC-CTGTTGAC_dd_bb_trim_R1	12.918106966475221	62.0	120.8682579076633	16.666666666666664	5038625.0
PROW_953_R1_TGACAACC-CTGTTGAC_dd_bb_trim_R2	13.09725279763289	62.0	120.48144285395321	16.666666666666664	5038625.0
PROW_953_R20_TCACTCGA-GTGCCATA_dd_bb_trim_R1	7.8397457837177456	48.0	122.55399927305471	16.666666666666664	4748638.0
PROW_953_R20_TCACTCGA-GTGCCATA_dd_bb_trim_R2	7.693505184856036	48.0	121.70363881180246	16.666666666666664	4748638.0
PROW_953_R5_CAGTGCTT-TGAGGTGT_dd_bb_trim_R1	12.592414257531587	57.0	122.42020220212926	16.666666666666664	5818732.0
PROW_953_R5_CAGTGCTT-TGAGGTGT_dd_bb_trim_R2	12.450806834953752	57.0	122.36705144694754	16.666666666666664	5818732.0
PROW_954_R1_CTGACTAC-ACATTGCG_dd_bb_trim_R1	15.420942312460923	63.0	124.44363358464567	16.666666666666664	5289036.0
PROW_954_R1_CTGACTAC-ACATTGCG_dd_bb_trim_R2	15.535474582788268	63.0	124.0855388392138	16.666666666666664	5289036.0
PROW_954_R20_ACAGCAAG-TTGCAGAC_dd_bb_trim_R1	8.832315774904103	59.0	121.85526864937576	16.666666666666664	3867234.0
PROW_954_R20_ACAGCAAG-TTGCAGAC_dd_bb_trim_R2	8.746218671258575	59.0	120.87559428780364	16.666666666666664	3867234.0
PROW_954_R5_GTGATCCA-CGTTGAGT_dd_bb_trim_R1	12.67237684055722	63.0	122.89808132755917	16.666666666666664	4299379.0
PROW_954_R5_GTGATCCA-CGTTGAGT_dd_bb_trim_R2	12.72599761881041	63.0	123.08378814707892	16.666666666666664	4299379.0
PROW_981_R1_TGCTGTGA-GAATCGTG_dd_bb_trim_R1	6.857991525101397	41.0	126.35197111614141	16.666666666666664	5048079.0
PROW_981_R1_TGCTGTGA-GAATCGTG_dd_bb_trim_R2	6.496703561201116	41.0	123.67454471294923	16.666666666666664	5048079.0
PROW_981_R20_CCACATTG-CTGGAGTA_dd_bb_trim_R1	6.483141292022083	41.0	124.47224873620279	8.333333333333332	5164990.0
PROW_981_R20_CCACATTG-CTGGAGTA_dd_bb_trim_R2	6.420567738580928	41.0	122.77804758576492	8.333333333333332	5164990.0
PROW_981_R5_CAACACAG-AGGCTTCT_dd_bb_trim_R1	7.229187602176211	45.0	125.30164571137668	16.666666666666664	5712241.0
PROW_981_R5_CAACACAG-AGGCTTCT_dd_bb_trim_R2	7.0109689202053005	45.0	122.51454831825198	16.666666666666664	5712241.0
PROW_984_R1_TAGTGCCA-TCTTGACG_dd_bb_trim_R1	10.745683589593796	58.0	121.58824382823428	16.666666666666664	4900745.0
PROW_984_R1_TAGTGCCA-TCTTGACG_dd_bb_trim_R2	10.731634401535985	58.0	121.57180959221506	16.666666666666664	4900745.0
PROW_984_R20_CTACATCC-CTAGGTGA_dd_bb_trim_R1	6.649619706641346	41.0	124.83855411855558	8.333333333333332	4754968.0
PROW_984_R20_CTACATCC-CTAGGTGA_dd_bb_trim_R2	6.684587477304575	41.0	123.47999397682592	8.333333333333332	4754968.0
PROW_984_R5_TCGTGCAT-TGGTACAG_dd_bb_trim_R1	7.09468548845345	41.0	125.62084611476966	8.333333333333332	4852415.0
PROW_984_R5_TCGTGCAT-TGGTACAG_dd_bb_trim_R2	6.905923483342846	41.0	123.93348590341098	8.333333333333332	4852415.0
